input voromqa_v1_score voromqa_v1_residues voromqa_v1_atoms sel_voromqa_v1_score sel_voromqa_v1_atoms sel_voromqa_v1_contacts sel_voromqa_v1_area sel_voromqa_v1_area_unk sel_voromqa_v1_energy sel_voromqa_v1_energy_norm sel_voromqa_v1_clash_score
./PDBs/1A8H.pdb 0.587967 500 4101 0 0 0 0 0 0 0 0
./PDBs/1AON.pdb 0.44962 8015 58674 0.415339 7690 12533 30716.6 0 -12326.7 -0.401304 0.00104031
./PDBs/1ATI.pdb 0.539486 873 7122 0.478 844 1519 3466.13 0 -1456.26 -0.42014 0.00236967
./PDBs/1B0Z.pdb 0.508395 442 3514 0 0 0 0 0 0 0 0
./PDBs/1B9B.pdb 0.550235 507 3988 0.420606 430 782 1786.37 0 -681.782 -0.381658 0
./PDBs/1bvs_3pfi_v2.pdb 0.488289 3216 24071 0.474407 4653 7553 18562.9 0 -8421.29 -0.453662 0.00687728
./PDBs/1E0T.pdb 0.541882 1784 13228 0.433061 879 1458 3621.4 0 -1761.03 -0.486284 0.00227531
./PDBs/1ECP.pdb 0.593158 1422 10758 0.535677 2205 4229 9920.88 0 -5239.06 -0.528084 0
./PDBs/1EFU.pdb 0.523408 1290 9840 0.435823 1373 2274 5379.35 0 -2049.68 -0.381027 0
./PDBs/1EFW.pdb 0.547063 1160 9336 0.596187 1337 2502 5586.47 0 -3352.03 -0.600026 0.0119671
./PDBs/1FUG.pdb 0.448307 766 5884 0.431283 626 1087 2600.11 0 -994.116 -0.382336 0
./PDBs/1GZ0.pdb 0.558036 1807 13776 0.475328 1807 3065 6875.09 0 -2625.64 -0.381906 0.00442723
./PDBs/1H3E.pdb 0.508762 427 3403 0 0 0 0 0 0 0 0
./PDBs/1H4Q.pdb 0.571362 929 7479 0.675018 528 938 2172.33 0 -1586.55 -0.730345 0
./PDBs/1I5E.pdb 0.591896 416 3198 0.53497 419 750 1773.29 0 -901.795 -0.508543 0.00477327
./PDBs/1I6M.pdb 0.529242 326 2590 0 0 0 0 0 0 0 0
./PDBs/1JF9.pdb 0.560153 405 3119 0 0 0 0 0 0 0 0
./PDBs/1JR3.pdb 0.510234 1769 13826 0.422348 2025 3323 8150.09 0 -2572.81 -0.315679 0.00691358
./PDBs/1JTX.pdb 0.493864 744 6188 0.569668 855 1432 3366.84 0 -1739.13 -0.516547 0.00935673
./PDBs/1K7J.pdb 0.545248 206 1628 0 0 0 0 0 0 0 0
./PDBs/1KAM.pdb 0.562159 708 5845 0.564569 1397 2541 5564.3 0 -2956.58 -0.531348 0
./PDBs/1KKL.pdb 0.566027 762 5689 0.550812 1223 2095 5249.1 0 -2541.42 -0.484163 0.00327065
./PDBs/1LRK.pdb 0.530935 338 2619 0 0 0 0 0 0 0 0
./PDBs/1N0E.pdb 0.608551 1130 9238 0.573464 2748 5178 11405.4 0 -6914.24 -0.606225 0
./PDBs/1NPX.pdb 0.527728 446 3484 0 0 0 0 0 0 0 0
./PDBs/1QF6.pdb 0.51835 641 5192 0 0 0 0 0 0 0 0
./PDBs/1QHG.pdb 0.508937 622 5035 0 0 0 0 0 0 0 0
./PDBs/1RKQ.pdb 0.532978 542 4184 0.332941 71 99 242.754 0 35.8621 0.14773 0
./PDBs/1RV8.pdb 0.571613 1212 9252 0.626016 1021 1872 4241.64 0 -2499.98 -0.58939 0.00195886
./PDBs/1S3C.pdb 0.525992 138 1085 0 0 0 0 0 0 0 0
./PDBs/1STZ.pdb 0.565621 945 7716 0.566937 682 1146 2870.81 0 -1363.67 -0.475012 0.00293255
./PDBs/1TD9.pdb 0.536889 1941 14682 0.490373 1279 2214 5155.53 0 -2158.13 -0.418605 0.00938233
./PDBs/1UOE.pdb 0.545986 672 5070 0.440378 294 502 1167.02 0 -166.258 -0.142464 0.00680272
./PDBs/1VI1.pdb 0.490047 648 4756 0 0 0 0 0 0 0 0
./PDBs/1VS3.pdb 0.545456 498 3912 0.48818 283 484 1115.99 0 -470.001 -0.421152 0.00706714
./PDBs/1W5B.pdb 0.564241 668 4959 0.315329 262 409 1004.85 0 -327.877 -0.326294 0
./PDBs/1w5b_3mer.pdb 0.563525 1001 7430 0.276082 387 579 1488.92 0 -431.969 -0.290122 0.0103359
./PDBs/1w5b_4mer.pdb 0.564394 1336 9918 0.292177 649 989 2493.81 0 -759.824 -0.304684 0.00616333
./PDBs/1w5b_5mer.pdb 0.563924 1669 12389 0.276075 775 1160 2977.89 0 -864.034 -0.29015 0.0103226
./PDBs/1w5b_6mer.pdb 0.564436 2004 14877 0.286205 1037 1570 3982.77 0 -1191.9 -0.299264 0.00771456
./PDBs/1w5b_7mer.pdb 0.564075 2337 17348 0.276055 1163 1741 4466.83 0 -1296.07 -0.290154 0.0103181
./PDBs/1w5b_8mer.pdb 0.564437 2672 19836 0.283483 1424 2149 5471.66 0 -1623.91 -0.296786 0.00842697
./PDBs/1w5b_9mer.pdb 0.564199 3005 22307 0.276061 1550 2320 5955.77 0 -1728.02 -0.290142 0.0103226
./PDBs/1W6T.pdb 0.534966 858 6566 0.46618 462 801 1743.82 0 -644.76 -0.36974 0.004329
./PDBs/1WQA.pdb 0.543456 1820 14048 0.500518 477 792 1900.7 0 -878.572 -0.462236 0
./PDBs/1WU7.pdb 0.585776 844 6711 0.540167 1021 1844 4021.46 0 -1590.75 -0.395565 0.00783546
./PDBs/1X54.pdb 0.508829 434 3544 0 0 0 0 0 0 0 0
./PDBs/1ZNQ.pdb 0.59089 1332 10092 0.563227 1678 3277 7122.39 0 -3816.18 -0.5358 0.00357569
./PDBs/1ZVU.pdb 0.48891 685 5367 0 0 0 0 0 0 0 0
./PDBs/1ZXX.pdb 0.521332 319 2387 0 0 0 0 0 0 0 0
./PDBs/2A6A.pdb 0.536469 381 2860 0.611593 301 518 1240.63 0 -585.046 -0.471572 0.00664452
./PDBs/2AN9.pdb 0.489653 410 3290 0.603206 388 666 1619.85 0 -926.105 -0.571723 0
./PDBs/2AU3.pdb 0.566111 403 3260 0 0 0 0 0 0 0 0
./PDBs/2BND.pdb 0.572849 474 3579 0.665355 297 518 1294 0 -1108.27 -0.856468 0.013468
./PDBs/2BQ1.pdb 0.532005 1934 15452 0.476178 1004 1760 4060.16 0 -1829.53 -0.450605 0.00199203
./PDBs/2DER.pdb 0.481789 707 5548 0.307547 196 313 802.365 0 -171.564 -0.213823 0.0102041
./PDBs/2DKJ.pdb 0.526736 804 6141 0.408765 828 1483 3483.54 0 -1561.84 -0.448349 0
./PDBs/2DQ3.pdb 0.500883 850 6968 0.604623 563 1030 2320.72 0 -1194.15 -0.51456 0
./PDBs/2DSJ.pdb 0.523236 846 6384 0.500416 215 397 893.459 0 -467.805 -0.523589 0
./PDBs/2DY0.pdb 0.581778 363 2783 0.605708 361 604 1384.06 0 -599.845 -0.433395 0.00554017
./PDBs/2EFG.pdb 0.516749 582 4552 0 0 0 0 0 0 0 0
./PDBs/2FCA.pdb 0.526161 408 3304 0.606125 212 361 787.853 0 -259.533 -0.329418 0.00943396
./PDBs/2FCO.pdb 0.568603 308 2509 0.479319 260 449 944.986 0 -341.341 -0.361213 0
./PDBs/2HCB.pdb 0.479911 1272 10437 0.383409 1231 1925 4781.56 0 -2163.18 -0.4524 0.0016247
./PDBs/2HCB_5mer.pdb 0.482857 1589 13039 0.379754 1640 2556 6410.74 0 -2810.12 -0.438346 0.00121951
./PDBs/2HCB_6mer.pdb 0.482074 1907 15647 0.38408 2065 3232 8029.58 0 -3528.15 -0.439394 0.00193705
./PDBs/2HCB_7mer.pdb 0.481245 2224 18246 0.379528 2474 3861 9614.25 0 -4276.74 -0.444833 0.00161681
./PDBs/2HPI.pdb 0.524795 1143 9127 0 0 0 0 0 0 0 0
./PDBs/2HQL.pdb 0.502464 594 5016 0.507885 1249 2220 5178.96 0 -2499.35 -0.482597 0.00560448
./PDBs/2HWG.pdb 0.497344 1142 8846 0.447034 512 884 1977.72 0 -617.539 -0.312248 0
./PDBs/2I2C.pdb 0.518864 264 2073 0 0 0 0 0 0 0 0
./PDBs/2IIR.pdb 0.575585 4000 31230 0.61157 4548 8238 18413.5 0 -10935.9 -0.593907 0.00483729
./PDBs/2IPC.pdb 0.414491 3746 30132 0.363678 869 1504 3518.07 0 -372.755 -0.105954 0.00690449
./PDBs/2IY5.pdb 0.513586 1116 8765 0.499586 993 1786 4019.69 0 -1877.26 -0.467016 0.0100705
./PDBs/2JGV.pdb 0.56168 1249 9619 0.53299 820 1422 3361.98 0 -1375.68 -0.409187 0
./PDBs/2KHO.pdb 0.439432 600 4501 0 0 0 0 0 0 0 0
./PDBs/2OKC.pdb 0.545108 850 6629 0.273144 77 108 296.582 0 -147.36 -0.496861 0
./PDBs/2ONK.pdb 0.548329 2589 20182 0.543347 3996 6977 16616.9 0 -10565.2 -0.635811 0.00225225
./PDBs/2Q7V.pdb 0.539428 622 4728 0.48731 563 1043 2360.21 0 -910.265 -0.385671 0.0035524
./PDBs/2UX8.pdb 0.565212 2192 16661 0.52389 3315 6243 15127.6 0 -8670.73 -0.573173 0.00301659
./PDBs/2UZ3.pdb 0.51772 796 6385 0.503097 1480 2572 5781.73 0 -2916.85 -0.504494 0.00675676
./PDBs/2VXY.pdb 0.533722 306 2207 0 0 0 0 0 0 0 0
./PDBs/2xdf_5iws.pdb 0.470327 2202 16968 0.485028 1612 2767 6548.41 0 -3367.8 -0.514293 0.0155087
./PDBs/2ZXI.pdb 0.518007 2415 19268 0.441719 1176 2052 4783.88 0 -1621.41 -0.338932 0.00340136
./PDBs/3A2K.pdb 0.457847 924 7448 0.55748 385 665 1634.43 0 -1322.63 -0.80923 0.0155844
./PDBs/3AL0.pdb 0.4576 1518 12255 0.427465 1337 2494 5697.27 0 -2319.3 -0.40709 0.00149589
./PDBs/3B36.pdb 0.511852 187 1375 0 0 0 0 0 0 0 0
./PDBs/3CU2.pdb 0.582531 471 3693 0.623075 275 488 1056.83 0 -594.246 -0.562291 0
./PDBs/3DM5.pdb 0.508459 829 6377 0.513899 94 158 343.029 0 -58.6683 -0.17103 0
./PDBs/3DUF.pdb 0.519714 2830 21950 0.472976 4553 8582 19758.2 0 -8808.87 -0.445834 0.00131781
./PDBs/3E9H.pdb 0.542468 1936 15824 0.53795 2273 4105 9194.14 0 -4759.18 -0.517632 0.00263968
./PDBs/3EER.pdb 0.429368 140 1009 0 0 0 0 0 0 0 0
./PDBs/3EXQ.pdb 0.462006 159 1240 0 0 0 0 0 0 0 0
./PDBs/3FIU.pdb 0.536318 952 7540 0.561009 1387 2507 5689.05 0 -3566.99 -0.626992 0.00144196
./PDBs/3FL8.pdb 0.550737 1319 10791 0.428541 854 1336 3412.16 0 -103.927 -0.0304578 0.00936768
./PDBs/3geh_2zxi.pdb 0.487102 2091 16361 0.332412 1450 2661 5951.73 0 -1222.5 -0.205402 0.171034
./PDBs/3GWM.pdb 0.437448 129 991 0 0 0 0 0 0 0 0
./PDBs/3H83.pdb 0.571863 746 5895 0.550491 1375 2577 5756.99 0 -1985.12 -0.344819 0.0101818
./PDBs/3H8E.pdb 0.56134 946 7006 0.558687 262 474 1087.99 0 -697.562 -0.641147 0.00763359
./PDBs/3HDQ.pdb 0.548302 3628 29664 0.537623 3173 5421 12121.2 0 -6529.59 -0.538692 0.00126064
./PDBs/3IMI.pdb 0.578942 569 4482 0.575848 1725 3127 7076.61 0 -4219.78 -0.5963 0.00115942
./PDBs/3IYD.pdb 0.313057 3985 31208 0.301769 4733 8289 20274.6 0 -6465.74 -0.318908 0
./PDBs/3IYZ.pdb 3.77188e-06 223 223 0 0 0 0 0 0 0 0
./PDBs/3L07.pdb 0.5188 567 4284 0.45904 365 621 1483.57 0 -589.083 -0.397071 0.00547945
./PDBs/3LV8.pdb 0.494645 204 1601 0 0 0 0 0 0 0 0
./PDBs/3M6A.pdb 0.465434 2976 23034 0.415157 1874 2899 7245.32 0 -2275.84 -0.314112 0.00426894
./PDBs/3PUZ.pdb 0.519316 1873 14536 0.466472 2328 3827 9600.2 0 -5556.98 -0.57884 0
./PDBs/3qnq_2xdf.pdb 0.457621 2180 16724 0.498421 1564 2656 6393.33 0 -4224.92 -0.660832 0.0159847
./PDBs/3QVQ.pdb 0.551852 998 7803 0.480372 422 695 1750.4 0 -722.588 -0.412813 0
./PDBs/3TM8.pdb 0.479733 616 4892 0.344462 208 328 804.54 0 -69.8347 -0.0868008 0
./PDBs/3tui_5wnn.pdb 0.535791 1439 10915 0.506029 1231 2010 4944.73 0 -2481.49 -0.501845 0.0105605
./PDBs/3U04.pdb 0.463802 172 1329 0 0 0 0 0 0 0 0
./PDBs/3UWX.pdb 0.507217 1540 12190 0.496767 225 378 814.545 0 -248.055 -0.304532 0.0177778
./PDBs/3W34.pdb 0.51161 411 3268 0.70969 203 345 878.04 0 -585.789 -0.667155 0
./PDBs/3W77.pdb 0.504236 414 3196 0.570595 326 555 1320.33 0 -746.224 -0.56518 0.00613497
./PDBs/3WQY.pdb 0.502888 1810 14421 0.473458 588 955 2312.88 0 -1543.84 -0.667497 0.0102041
./PDBs/3ZQ4.pdb 0.566401 2174 16889 0.473367 1713 2974 7076.02 0 -3452.26 -0.487882 0.00350263
./PDBs/4AD8.pdb 0.406403 452 3416 0 0 0 0 0 0 0 0
./PDBs/4C7V.pdb 0.532107 662 5092 0 0 0 0 0 0 0 0
./PDBs/4DJK.pdb 0.516347 904 6891 0.478116 200 299 862.16 0 -786.817 -0.912611 0
./PDBs/4DQ1.pdb 0.556405 612 5026 0.550535 594 1142 2403.5 0 -1090.72 -0.453805 0.00673401
./PDBs/4FI3.pdb 0.536364 1389 10571 0.467915 1761 2974 7545.72 0 -4032.44 -0.534401 0.00567859
./PDBs/4H2W.pdb 0.56892 744 5666 0.619106 831 1461 3572.32 0 -2464.72 -0.689949 0.00240674
./PDBs/4I6X.pdb 0.528731 117 936 0 0 0 0 0 0 0 0
./PDBs/4J7C.pdb 0.529413 3448 26744 0.561916 5318 9403 23009.8 0 -13484.6 -0.586037 0.00488906
./PDBs/4JUO_aligned.pdb 0.445721 2050 14996 0.381756 1498 2538 5896.85 0 -2101.77 -0.356422 0.0507343
./PDBs/4K25.pdb 0.478188 355 2698 0 0 0 0 0 0 0 0
./PDBs/4KR6.pdb 0.553921 776 6232 0.444747 470 834 1906.53 0 -723.75 -0.379616 0.00851064
./PDBs/4MCD.pdb 0.462861 237 1872 0 0 0 0 0 0 0 0
./PDBs/4NMN.pdb 0.491809 837 6732 0.46373 618 1004 2457.41 0 -1140.64 -0.464163 0.00323625
./PDBs/4NQW.pdb 0.501471 221 1740 0.542672 483 814 2021.32 0 -1064.79 -0.52678 0
./PDBs/4Q25.pdb 0.532853 420 3325 0.57543 300 462 1267.3 0 -1010.16 -0.797096 0.00666667
./PDBs/4Q2G.pdb 0.516501 530 4188 0.741679 510 903 2024.56 0 -1813.89 -0.895943 0
./PDBs/4Q3N.pdb 0.576576 314 2443 0 0 0 0 0 0 0 0
./PDBs/4Q4H.pdb 0.509286 1155 9126 0.503973 1518 2668 6234.81 0 -3858.95 -0.618936 0.00658762
./PDBs/4rsj_5xg2_5nnv_5xei_5xg3_ADP_spcAB.pdb 0.3745 2769 21637 0.306144 2092 3459 8574.68 0 -2529.21 -0.294963 0.0659656
./PDBs/4RV7.pdb 0.555482 633 4852 0.504148 463 759 1855.43 0 -669.167 -0.360653 0.00863931
./PDBs/4RY2.pdb 0.361859 1400 9927 0.400939 1204 1922 5132.66 0 -3395.29 -0.661507 0.00332226
./PDBs/4TQU.pdb 0.519444 1785 14149 0.483945 2118 3638 8817.69 0 -5152.58 -0.584346 0.00283286
./PDBs/4V69.pdb 0.274255 6344 49443 0.168086 80 105 281.31 0 -120.494 -0.428332 0
./PDBs/4X3F.pdb 0.457688 825 5952 0.427254 164 256 605.44 0 -130.001 -0.214722 0
./PDBs/4X9M.pdb 0.533065 384 3000 0 0 0 0 0 0 0 0
./PDBs/5AYM.pdb 0.442357 398 3014 0 0 0 0 0 0 0 0
./PDBs/5D91.pdb 0.482878 335 2572 0 0 0 0 0 0 0 0
./PDBs/5FKW.pdb 0.503911 1878 14679 0.393571 1188 1994 4636.15 0 -1235.81 -0.26656 0
./PDBs/5IQR.pdb 0.383249 6569 51265 0.374008 4457 7571 18372.3 0 -6565.04 -0.357334 0.000897465
./PDBs/5IVL.pdb 0.534541 817 6456 0.553316 363 627 1665.76 0 -1476.26 -0.886238 0
./PDBs/5JSZ.pdb 0.43989 1972 15394 0.47874 2718 4738 11497.8 0 -7549.5 -0.656604 0.00662252
./PDBs/5LMO.pdb 0.415696 2622 21058 0.37836 1879 3220 7678.05 0 -2361.49 -0.307564 0.0010644
./PDBs/5LS0.pdb 0.531652 354 2858 0.40441 106 172 441.057 0 -190.824 -0.432652 0
./PDBs/5MG3.pdb 0.429701 1698 13097 0.42085 2793 5209 12436.2 0 -5905.34 -0.474851 0.000716076
./PDBs/5MP7.pdb 0.599978 894 6864 0.472369 590 1060 2394.23 0 -511.62 -0.213689 0
./PDBs/5ODP.pdb 0.466648 199 1540 0.528879 230 390 937.666 0 -514.455 -0.548655 0
./PDBs/5T4O.pdb 0.0273324 4778 23448 0.0660373 3555 5025 14097.4 0 -2909.13 -0.206359 0.016315
./PDBs/5WNN.pdb 0.545055 640 4684 0.29033 44 44 145.037 0 4.77739 0.0329391 0
./PDBs/5WTN.pdb 0.584537 1062 8653 0.608766 2685 4964 11127.6 0 -6159.14 -0.553501 0.00335196
./PDBs/5X3X.pdb 0.501665 2016 14820 0.503548 3340 5880 14144.2 0 -8636.66 -0.610615 0.00928144
./PDBs/5XU1.pdb 0.466816 1215 9269 0.442988 788 1276 3178.32 0 -1855.7 -0.583862 0.00253807
./PDBs/6AZ0.pdb 0.457512 2634 20190 0.382156 3894 6431 15440.2 0 -5081.9 -0.329134 0.00256805
./PDBs/6AZY.pdb 0.496703 810 6372 0 0 0 0 0 0 0 0
./PDBs/6BLB.pdb 0.53268 311 2430 0 0 0 0 0 0 0 0
./PDBs/6D1R.pdb 0.487876 109 868 0 0 0 0 0 0 0 0
./PDBs/6D9N.pdb 0.564117 283 2087 0.555962 765 1321 3123.4 0 -1643.74 -0.526266 0.00261438
./PDBs/6MU0.pdb 0.434797 151 1166 0 0 0 0 0 0 0 0
./PDBs/6N2L.pdb 0.190625 88 620 0 0 0 0 0 0 0 0
./PDBs/acka.pdb 0.354514 768 6068 0.42064 674 1208 2771.02 203.733 -959.879 -0.322675 0
./PDBs/alas.pdb 0.296592 1756 14316 0.127842 376 631 1449.65 131.48 -230.858 -0.146008 0
./PDBs/apt.pdb 0.420457 356 2774 0.457811 322 576 1261.48 39.4608 -496.359 -0.381538 0
./PDBs/asns.pdb 0.384143 868 6972 0.417527 821 1503 3332.11 121.175 -1484.76 -0.429956 0
./PDBs/asps.pdb 0.339165 1074 8816 0.358259 1277 2381 5413.55 358.898 -2065.4 -0.357803 0
./PDBs/cdd.pdb 0.41134 512 4112 0.448843 1108 2131 4823.06 154.692 -2228.27 -0.447646 0
./PDBs/deod.pdb 0.367619 1398 10854 0.196923 2284 4458 10108.4 751.439 -2242.25 -0.206472 0
./PDBs/dhfr.pdb 0.270021 159 1328 0 0 0 0 0 0 0 0
./PDBs/DNA_POLYMERASE_2CORE_BETA_CLAMP_GAMMA_COMPLEX_PRIMASE.pdb 0.448199 6726 52701 0.409558 4249 7180 17027.2 0 -5365.49 -0.315113 0.0901389
./PDBs/DNA_POLYMERASE_CORE_BETA_CLAMP_GAMMA_COMPLEX.pdb 0.46354 4815 37605 0.402134 3309 5529 13198.2 0 -3985.97 -0.302009 0.0915684
./PDBs/DNA_POLYMERASE_CORE_BETA_CLAMP_PRIMASE.pdb 0.490308 2227 17455 0.30726 969 1685 3936.04 0 -1137.07 -0.288887 0.137255
./PDBs/DNA_POLYMERASE_GAMMA_COMPLEX.pdb 0.438751 2302 17888 0.424713 1916 3126 7554.02 0 -2276.01 -0.301298 0.065762
./PDBs/DNA_POLYMERASE_HOLOENZYME.pdb 0.462091 6310 49372 0.409642 4247 7179 17025.6 0 -5364.35 -0.315076 0.0901813
./PDBs/dnaj.pdb 0.232314 1786 14042 0.182846 1998 3466 8129.47 356.789 -1509.21 -0.177842 0.004004
./PDBs/E2E3_2.pdb 0.010382 71040 126000 0 0 0 0 0 0 0 0
./PDBs/eftu.pdb 0.300922 677 5277 0.216427 463 793 2018.29 169.062 -625.678 -0.286044 0
./PDBs/eno.pdb 0.34935 904 6912 0.288664 438 751 1627.42 25.3969 -532.632 -0.322257 0
./PDBs/fba.pdb 0.298157 562 4260 0.299222 437 768 1774.24 114.054 -589.418 -0.312143 0
./PDBs/fold.pdb 0.373427 794 6130 0.3117 926 1639 3937.06 114.586 -1667.53 -0.411569 0
./PDBs/fusa.pdb 0.275463 677 5271 0 0 0 0 0 0 0 0
./PDBs/gale.pdb 0.352855 666 5298 0.394034 222 378 962.691 84.0546 -772.223 -0.737737 0
./PDBs/galu.pdb 0.346981 1152 9004 0.348185 1740 3160 7708.5 449.82 -2924.87 -0.358514 0
./PDBs/gapa.pdb 0.406388 1288 9896 0.374947 1574 2983 6971.61 192.315 -3088.51 -0.43112 0
./PDBs/glf.pdb 0.298 788 6396 0.221198 484 800 1867.71 33.367 -268.157 -0.141055 0
./PDBs/glpk.pdb 0.380032 1996 15684 0.316671 1282 2272 4922.97 308.101 -1423.7 -0.272162 0
./PDBs/glys.pdb 0.34492 860 7120 0.26091 903 1632 3840.25 217.565 -827.76 -0.203992 0
./PDBs/gmk.pdb 0.311428 474 3820 0.266658 96 143 359.128 59.7268 -57.0285 -0.136153 0
./PDBs/grol_noH.pdb 0.281555 8351 63063 0.231767 10314 17759 43032.6 3199.56 -7092.22 -0.153404 0
./PDBs/hint.pdb 0.215998 270 2076 0.235077 695 1241 2790.68 135.669 -614.304 -0.209922 0
./PDBs/hiss.pdb 0.326483 818 6742 0.300862 1010 1756 3977.03 66.1385 -1159.35 -0.286743 0
./PDBs/hprk.pdb 0.289911 2358 18270 0.225558 3229 5819 13816.5 758.886 -2109.1 -0.144703 0
./PDBs/hpt.pdb 0.395951 684 5408 0.42286 1060 1938 4405.83 129.291 -1149.38 -0.25344 0
./PDBs/if3.pdb 0.308557 180 1461 0 0 0 0 0 0 0 0
./PDBs/lon.pdb 0.29188 4716 37446 0.250373 2964 4737 11923.6 288.625 -2936.35 -0.240443 0
./PDBs/lyss.pdb 0.337038 944 7632 0.38865 1041 1909 4310.7 142.163 -2047.56 -0.45983 0
./PDBs/manb.pdb 0.253453 537 4357 0 0 0 0 0 0 0 0
./PDBs/metg.pdb 0.300556 988 8122 0.144929 207 305 855.483 110.723 -99.7545 -0.103244 0
./PDBs/metk.pdb 0.310055 748 5836 0.300201 770 1401 3138.51 219.275 -567.197 -0.16892 0
./PDBs/MG_001_DIMER_g.pdb 0.460833 760 6248 0.512531 264 411 1084.02 0 -374.317 -0.345305 0
./PDBs/MG_001_DIMER_sw.pdb 0.545875 760 6248 0.632569 317 511 1326.31 0 -559.655 -0.421964 0
./PDBs/MG_005_DIMER_g.pdb 0.496952 834 6756 0.600115 576 1022 2331.46 0 -1031.95 -0.44262 0
./PDBs/MG_005_DIMER_sw.pdb 0.461968 834 6756 0.567583 553 1026 2303.93 0 -1018.57 -0.442101 0
./PDBs/MG_006_DIMER_g.pdb 0.5011 420 3416 0.501635 286 548 1303.12 0 -670.106 -0.514232 0
./PDBs/MG_013_DIMER_g.pdb 0.492954 546 4292 0.349526 283 503 1140.84 0 -28.6418 -0.0251059 0
./PDBs/MG_014_015_DIMER_g.pdb 0.465441 1178 9324 0.535189 1461 2525 6029.76 0 -4101.48 -0.680206 0
./PDBs/MG_014_015_DIMER_sw.pdb 0.374913 568 4488 0 0 0 0 0 0 0 0
./PDBs/MG_019_DIMER_g.pdb 0.152321 778 6152 0.122923 1851 4147 8195.06 0 117.005 0.0142775 0.0745543
./PDBs/MG_019_DIMER_sw.pdb 0.313284 744 5856 0.431025 291 545 1316.76 0 -676.921 -0.514081 0
./PDBs/MG_021_DIMER_g.pdb 0.494697 1024 8474 0.358644 1148 2463 4882.76 0 -1210.63 -0.24794 0
./PDBs/MG_023_DIMER_g.pdb 0.534624 576 4400 0.498592 494 891 2012.75 0 -925.924 -0.460029 0
./PDBs/MG_029_DIMER_g.pdb 0.498344 372 2936 0.435687 432 754 1722.1 0 -624.079 -0.362394 0
./PDBs/MG_030_TRIMER_g.pdb 0.610096 824 6456 0.526787 1758 3184 7173.88 0 -3103.56 -0.432619 0
./PDBs/MG_033_TETRAMER_g.pdb 0.461357 1032 7844 0.550709 1616 3042 6983.9 0 -4453.88 -0.637735 0
./PDBs/MG_033_TETRAMER_sw.pdb 0.449602 996 7540 0.563085 1746 3220 7426.6 0 -5218.88 -0.702728 0
./PDBs/MG_034_DIMER_g.pdb 0.364306 426 3392 0.250431 444 772 1886.63 0 -208.505 -0.110517 0
./PDBs/MG_035_DIMER_g.pdb 0.494281 828 6836 0.481619 1133 2018 4558.49 0 -1658.57 -0.363842 0
./PDBs/MG_036_DIMER_g.pdb 0.487547 1100 9066 0.446964 1407 2713 6001.27 0 -2459.04 -0.409753 0
./PDBs/MG_038_TETRAMER_g.pdb 0.51174 2032 16044 0.469806 1514 2793 5941.91 0 -1765.07 -0.297054 0
./PDBs/MG_039_DIMER_g.pdb 0.399284 768 6032 0.294802 373 748 1542.69 0 -278.492 -0.180524 0
./PDBs/MG_039_DIMER_sw.pdb 0.507134 384 3016 0 0 0 0 0 0 0 0
./PDBs/MG_046_DIMER_g.pdb 0.505123 630 4890 0.650553 270 511 1146.12 0 -834.678 -0.728264 0
./PDBs/MG_046_DIMER_sw.pdb 0.484568 310 2404 0 0 0 0 0 0 0 0
./PDBs/MG_047_TETRAMER_g.pdb 0.468068 1532 12036 0.461945 1324 2336 5425.1 0 -2017.65 -0.37191 0
./PDBs/MG_049_HEXAMER_g.pdb 0.311837 1024 8474 0.225698 258 417 940.081 0 -108.849 -0.115787 0
./PDBs/MG_051_DIMER_g.pdb 0.488701 842 6514 0.486524 217 375 879.021 0 -554.551 -0.630873 0
./PDBs/MG_051_DIMER_sw.pdb 0.487352 840 6496 0.507993 226 418 863.622 0 -472.283 -0.546863 0
./PDBs/MG_052_DIMER_g.pdb 0.544314 520 4192 0.502856 1121 2121 4875.35 0 -2044.56 -0.419367 0
./PDBs/MG_053_TRIMER_g.pdb 0.370809 1100 8974 0.0578253 132 190 447.965 0 -36.4978 -0.0814747 0
./PDBs/MG_058_HEXAMER_g.pdb 0.54444 1992 15822 0.488731 3318 6279 13641.8 0 -4426.72 -0.324497 0
./PDBs/MG_063_DIMER_g.pdb 0.484355 606 4780 0.410206 219 367 936.606 0 -335.74 -0.358464 0
./PDBs/MG_063_DIMER_sw.pdb 0.502079 578 4534 0.511206 186 305 828.468 0 -445.354 -0.537563 0
./PDBs/MG_066_DIMER_g.pdb 0.514187 1296 10418 0.392322 1262 2457 5173.02 0 -1707.9 -0.330155 0
./PDBs/MG_066_DIMER_sw.pdb 0.509916 1284 10306 0.401176 1092 2042 4227.6 0 -1132.64 -0.267916 0
./PDBs/MG_072_DIMER_g.pdb 0.400675 1612 12886 0.219225 472 807 1994.33 0 -105.897 -0.053099 0
./PDBs/MG_072_DIMER_sw.pdb 0.424796 1543 12345 0.251394 401 671 1555.22 0 30.5919 0.0196705 0
./PDBs/MG_084_TETRAMER_g.pdb 0.278437 1160 9748 0.119538 784 1265 2951.74 0 -802.806 -0.271977 0
./PDBs/MG_084_TETRAMER_sw.pdb 0.381828 575 4832 0.286462 407 712 1713.64 0 -272.03 -0.158744 0
./PDBs/MG_085_HEXAMER_g.pdb 0.486884 1866 14664 0.366883 2942 5140 12134.6 0 -4327.11 -0.356593 0.0462271
./PDBs/MG_085_HEXAMER_sw.pdb 0.522406 1853 14557 0.457086 3353 6120 14311.3 0 -5873 -0.410375 0
./PDBs/MG_089_DIMER_g.pdb 0.299421 1376 10762 0.343396 1570 3190 6603.82 0 -1152.62 -0.174538 0
./PDBs/MG_091_OCTAMER_g.pdb 0.312398 640 5064 0.316736 1466 2769 6070.66 0 -1635.58 -0.269424 0
./PDBs/MG_091_TETRAMER_g.pdb 0.312398 640 5064 0.316736 1466 2769 6070.66 0 -1635.58 -0.269424 0
./PDBs/MG_091_TETRAMER_sw.pdb 0.517109 399 3131 0.713303 727 1404 3179.57 0 -2222.73 -0.699066 0
./PDBs/MG_094_HEXAMER_g.pdb 0.40474 1404 11400 0.0327462 255 396 898.817 0 29.0908 0.0323657 0
./PDBs/MG_094_HEXAMER_sw.pdb 0.449062 2685 21804 0.399669 4835 8416 19500.4 0 -7857.34 -0.402932 0
./PDBs/MG_102_DIMER_g.pdb 0.50375 630 4886 0.494205 548 937 2200.82 0 -744.386 -0.338231 0
./PDBs/MG_105_OCTAMER_g.pdb 0.422774 1200 9612 0.42183 2692 5157 10888.2 0 -2939.22 -0.269945 0
./PDBs/MG_105_OCTAMER_sw.pdb 0.520473 147 1157 0 0 0 0 0 0 0 0
./PDBs/MG_106_DIMER_g.pdb 0.379958 386 3176 0.139291 214 365 827.38 0 -202.686 -0.244973 0
./PDBs/MG_106_DIMER_sw.pdb 0.405069 183 1513 0 0 0 0 0 0 0 0
./PDBs/MG_107_DIMER_g.pdb 0.429439 378 3124 0.500765 183 284 695.136 0 -330.555 -0.475526 0
./PDBs/MG_109_DIMER_g.pdb 0.342974 774 6294 0.280345 393 612 1458.12 0 -347.852 -0.238562 0
./PDBs/MG_109_DIMER_sw.pdb 0.401068 321 2610 0 0 0 0 0 0 0 0
./PDBs/MG_111_DIMER_g.pdb 0.531201 1732 14016 0.425903 3188 6167 13541.8 0 -4445.3 -0.328265 0.00125471
./PDBs/MG_112_DIMER_g.pdb 0.488949 418 3412 0.289528 284 514 1086.74 0 158.13 0.145509 0
./PDBs/MG_112_DIMER_sw.pdb 0.550599 408 3342 0.407239 339 648 1290.22 0 -260.725 -0.202078 0
./PDBs/MG_113_DIMER_g.pdb 0.511709 912 7354 0.526635 1022 1926 4088.17 0 -2021.68 -0.49452 0
./PDBs/MG_114_DIMER_g.pdb 0.356859 472 3828 0.380155 598 1095 2570.1 0 -1508.54 -0.586958 0
./PDBs/MG_114_DIMER_sw.pdb 0.40668 414 3352 0.514649 391 686 1730.74 0 -1354.13 -0.782399 0
./PDBs/MG_118_DIMER_g.pdb 0.507003 680 5438 0.594774 309 524 1306.3 0 -1105.09 -0.84597 0
./PDBs/MG_123_DIMER_g.pdb 0.211859 942 7782 0.230883 1647 2948 6731.7 0 -1645.59 -0.244454 0.00242866
./PDBs/MG_123_DIMER_sw.pdb 0.16056 44 362 0 0 0 0 0 0 0 0
./PDBs/MG_124_MONOMER_int.pdb 0.500002 102 810 0 0 0 0 0 0 0 0
./PDBs/MG_126_DIMER_g.pdb 0.53919 694 5526 0.598652 597 1111 2441.69 0 -1348.7 -0.552363 0
./PDBs/MG_127_MONOMER_int.pdb 0.44584 145 1164 0 0 0 0 0 0 0 0
./PDBs/MG_128_HEXAMER_g.pdb 0.449449 1036 8260 0.412813 1212 2302 5052.7 0 -1430.21 -0.283059 0.0668317
./PDBs/MG_132_DIMER_g.pdb 0.450969 282 2196 0.402016 834 1524 3392.74 0 -1191.55 -0.351206 0
./PDBs/MG_136_DIMER_g.pdb 0.4824 980 7972 0.488484 1141 2133 4646.48 0 -2147.66 -0.462212 0
./PDBs/MG_137_DIMER_g.pdb 0.4424 808 6596 0.392304 461 830 1904.21 0 -478.036 -0.251042 0
./PDBs/MG_139_DIMER_g.pdb 0.451103 1138 9032 0.297104 547 939 2195.55 0 -440.553 -0.200657 0
./PDBs/MG_139_DIMER_sw.pdb 0.534873 2228 17688 0.391152 1789 3067 7115.97 0 -3129.56 -0.439794 0.00447177
./PDBs/MG_182_DIMER_g.pdb 0.509061 488 3890 0.495859 262 429 997.986 0 -467.825 -0.468769 0
./PDBs/MG_182_DIMER_sw.pdb 0.497844 488 3890 0.412737 224 363 847.074 0 -386.956 -0.456815 0
./PDBs/MG_184_DIMER_g.pdb 0.30328 634 5248 0.372692 188 293 760.94 0 -288.104 -0.378616 0
./PDBs/MG_184_DIMER_sw.pdb 0.23647 145 1190 0 0 0 0 0 0 0 0
./PDBs/MG_201_DIMER_g.pdb 0.150994 434 3516 0.220837 610 966 2371.63 0 -1372.51 -0.57872 0
./PDBs/MG_201_DIMER_sw.pdb 0.334209 318 2574 0.424727 688 1222 2861.44 0 -1956.01 -0.683575 0
./PDBs/MG_205_DIMER_g.pdb 0.412882 686 5576 0.371199 490 962 2102.44 0 -298.716 -0.142081 0
./PDBs/MG_205_DIMER_sw.pdb 0.434136 1012 8221 0.388282 793 1447 3322.06 0 -755.696 -0.227478 0
./PDBs/MG_208_DIMER_g.pdb 0.422256 392 3168 0.572462 290 493 1190.45 0 -470.231 -0.395003 0
./PDBs/MG_208_DIMER_sw.pdb 0.368219 189 1525 0 0 0 0 0 0 0 0
./PDBs/MG_216_TETRAMER_g.pdb 0.475135 2032 16136 0.382442 1361 2448 5403.85 0 -2097.07 -0.38807 0
./PDBs/MG_221_OCTAMER_g.pdb 0.562839 1128 9200 0.507008 2719 5072 11614.1 0 -6048.1 -0.520755 0.0209636
./PDBs/MG_221_OCTAMER_sw.pdb 0.616621 1096 8952 0.582339 2536 4730 10684.4 0 -6386.11 -0.597704 0
./PDBs/MG_225_DIMER_g.pdb 0.450668 978 7782 0.28803 268 405 1095.81 0 -457.985 -0.417942 0
./PDBs/MG_225_DIMER_sw.pdb 0.429231 476 3796 0 0 0 0 0 0 0 0
./PDBs/MG_226_DIMER_g.pdb 0.433401 984 7726 0.483261 351 575 1482.01 0 -949.732 -0.64084 0
./PDBs/MG_226_DIMER_sw.pdb 0.411267 478 3746 0 0 0 0 0 0 0 0
./PDBs/MG_227_DIMER_g.pdb 0.566291 574 4748 0.585244 526 982 2253.46 0 -1011.98 -0.449078 0
./PDBs/MG_227_DIMER_sw.pdb 0.541129 572 4732 0.578795 562 1044 2302.33 0 -1007.04 -0.4374 0
./PDBs/MG_228_TETRAMER_g.pdb 0.515007 320 2676 0.370477 245 417 969.65 0 -253.953 -0.261902 0
./PDBs/MG_239_HEXAMER_g.pdb 0.282152 4770 37986 0.20773 3768 6565 15170.6 0 670.092 0.0441704 0.0971338
./PDBs/MG_240_HEXAMER_g.pdb 0.2782 700 5682 0.226306 355 593 1553.19 0 146.738 0.0944752 0
./PDBs/MG_244_DIMER_g.pdb 0.243243 2109 17361 0.207476 4338 8880 17191.1 0 -1527.84 -0.0888739 0.00138313
./PDBs/MG_244_DIMER_sw.pdb 0.39935 630 5184 0 0 0 0 0 0 0 0
./PDBs/MG_251_DIMER_g.pdb 0.458108 892 7404 0.409793 1216 2194 5144.63 0 -1323.13 -0.257187 0
./PDBs/MG_252_DIMER_g.pdb 0.504408 484 3900 0.594011 294 523 1150.51 0 -572.293 -0.497425 0
./PDBs/MG_252_DIMER_sw.pdb 0.463816 482 3884 0.531236 236 396 965.376 0 -530.004 -0.549013 0
./PDBs/MG_259_TETRAMER_g.pdb 0.41431 912 7456 0.338812 510 837 2038.81 0 -681.368 -0.334199 0
./PDBs/MG_259_TETRAMER_sw.pdb 0.378361 262 2163 0 0 0 0 0 0 0 0
./PDBs/MG_265_DIMER_g.pdb 0.465653 556 4502 0.248677 269 456 1146.29 0 19.3997 0.0169239 0
./PDBs/MG_265_DIMER_sw.pdb 0.438398 277 2244 0 0 0 0 0 0 0 0
./PDBs/MG_275_TETRAMER_g.pdb 0.430295 1912 14972 0.386651 2384 4434 10202.3 0 -3892.68 -0.381549 0
./PDBs/MG_276_DIMER_g.pdb 0.554509 360 2814 0.531965 424 787 1732.79 0 -599.83 -0.346164 0
./PDBs/MG_278_DIMER_g.pdb 0.34799 1440 11872 0.197075 884 1538 3482.44 0 -447.383 -0.128468 0
./PDBs/MG_278_DIMER_sw.pdb 0.317925 712 5870 0 0 0 0 0 0 0 0
./PDBs/MG_283_DIMER_g.pdb 0.514656 966 7880 0.545892 713 1255 2920.81 0 -1239.23 -0.424276 0
./PDBs/MG_287_MONOMER_int.pdb 0.410836 84 676 0 0 0 0 0 0 0 0
./PDBs/MG_287_MONOMER_rap.pdb 0.381694 84 676 0 0 0 0 0 0 0 0
./PDBs/MG_292_TETRAMER_g.pdb 0.191779 1800 14756 0.233381 323 547 1554.53 0 -525.963 -0.338342 0
./PDBs/MG_293_DIMER_g.pdb 0.436078 488 4098 0.386737 245 456 1004.76 0 -214.768 -0.213751 0
./PDBs/MG_293_DIMER_sw.pdb 0.378741 444 3734 0.351677 426 756 1600.36 0 -419.234 -0.261962 0.00469484
./PDBs/MG_295_MONOMER_int.pdb 0.447834 367 2957 0 0 0 0 0 0 0 0
./PDBs/MG_295_MONOMER_rap.pdb 0.443536 367 2957 0 0 0 0 0 0 0 0
./PDBs/MG_299_DIMER_g.pdb 0.490599 640 4998 0.579221 390 707 1587.25 0 -866.085 -0.545651 0
./PDBs/MG_301_TETRAMER_g.pdb 0.57821 1348 10440 0.52134 1698 3162 7390.39 0 -3604.64 -0.487747 0
./PDBs/MG_316_DIMER_g.pdb 0.372498 738 6156 0.361304 302 554 1344.23 0 -1021.5 -0.759915 0
./PDBs/MG_316_DIMER_sw.pdb 0.14813 46 390 0 0 0 0 0 0 0 0
./PDBs/MG_333_DIMER_g.pdb 0.475282 394 3148 0.319611 508 934 2031.1 0 -699.175 -0.344235 0
./PDBs/MG_333_DIMER_sw.pdb 0.469687 390 3110 0.371267 323 608 1341.16 0 -426.038 -0.317664 0
./PDBs/MG_336_DIMER_g.pdb 0.482172 816 6598 0.403028 856 1573 3447.63 0 -1269.22 -0.368143 0
./PDBs/MG_336_DIMER_sw.pdb 0.51867 794 6420 0.502832 815 1457 3311.19 0 -1572.52 -0.474911 0
./PDBs/MG_346_DIMER_g.pdb 0.514822 332 2716 0.457141 520 1005 2208.2 0 -788.656 -0.357149 0
./PDBs/MG_346_DIMER_sw.pdb 0.518433 316 2588 0.489899 388 690 1479.69 0 -572.616 -0.386984 0
./PDBs/MG_347_DIMER_g.pdb 0.446412 420 3526 0.371145 274 488 1031.76 0 40.6253 0.0393748 0
./PDBs/MG_347_DIMER_sw.pdb 0.45893 200 1675 0 0 0 0 0 0 0 0
./PDBs/MG_349_HEXAMER_g.pdb 0.10416 1616 13508 0.115308 2368 4901 10192.6 0 -1452.13 -0.142469 0.295608
./PDBs/MG_349_HEXAMER_sw.pdb 0.439828 981 8143 0.388198 2093 3700 8412.39 0 -2807.42 -0.333724 0.000955566
./PDBs/MG_351_HEXAMER_g.pdb 0.395778 1104 9144 0.457798 1494 2790 6334.76 0 -2458.34 -0.388072 0
./PDBs/MG_352_DIMER_g.pdb 0.495634 332 2742 0.391982 494 894 1941.87 0 -695.578 -0.3582 0
./PDBs/MG_352_DIMER_sw.pdb 0.525468 322 2658 0.490329 412 733 1507.29 0 -839.095 -0.556691 0
./PDBs/MG_353_DIMER_g.pdb 0.364534 218 1764 0.44082 668 1162 2886.25 0 -1570.19 -0.544024 0
./PDBs/MG_353_DIMER_sw.pdb 0.280112 192 1562 0.315769 668 1220 2769.26 0 -1139.57 -0.411507 0
./PDBs/MG_355_HEXAMER_g.pdb 0.212989 4284 34266 0.147177 6244 12032 25004.7 0 -891.074 -0.0356363 0.0784753
./PDBs/MG_355_HEXAMER_sw.pdb 0.453847 4176 33402 0.367701 5116 8454 20769 0 -5567.55 -0.26807 0
./PDBs/MG_357_DIMER_g.pdb 0.449082 786 6248 0.332394 870 1791 3868.67 0 -859.393 -0.222142 0
./PDBs/MG_367_DIMER_g.pdb 0.350363 460 3762 0.498132 260 449 1121.79 0 -642.446 -0.572697 0
./PDBs/MG_367_DIMER_sw.pdb 0.398854 445 3638 0.52003 276 507 1187.96 0 -794.35 -0.668667 0
./PDBs/MG_368_DIMER_g.pdb 0.512666 656 5150 0.575237 622 1192 2568.4 0 -1498.57 -0.583464 0
./PDBs/MG_368_DIMER_sw.pdb 0.471227 321 2513 0 0 0 0 0 0 0 0
./PDBs/MG_369_DIMER_g.pdb 0.202871 1114 8822 0.238838 626 1112 2533.58 0 -694.479 -0.27411 0
./PDBs/MG_369_DIMER_sw.pdb 0.444798 208 1621 0 0 0 0 0 0 0 0
./PDBs/MG_372_DIMER_g.pdb 0.411487 770 6242 0.402887 442 786 1726.77 0 -437.65 -0.25345 0
./PDBs/MG_372_DIMER_sw.pdb 0.481256 760 6160 0.434079 508 903 2005.89 0 -510.357 -0.254429 0
./PDBs/MG_376_HEXAMER_g.pdb 0.505928 208 1726 0.478624 540 1052 2232.72 0 -1064.09 -0.476589 0
./PDBs/MG_376_HEXAMER_sw.pdb 0.474186 202 1674 0.507943 385 666 1589.08 0 -870.422 -0.547752 0
./PDBs/MG_382_TETRAMER_g.pdb 0.430073 852 7024 0.506383 792 1262 3288.74 0 -2102.97 -0.639446 0
./PDBs/MG_383_DIMER_g.pdb 0.498694 496 3984 0.583306 684 1243 2802.93 0 -1809.25 -0.645485 0
./PDBs/MG_385_DIMER_g.pdb 0.410831 472 3920 0.224708 196 310 803.54 0 -91.7134 -0.114137 0
./PDBs/MG_385_DIMER_sw.pdb 0.441636 466 3858 0.343413 326 597 1328.48 0 -222.518 -0.167498 0
./PDBs/MG_390_DIMER_g.pdb 0.430127 1320 10808 0.361246 1547 2692 6358.72 0 -2947.59 -0.463551 0
./PDBs/MG_390_DIMER_sw.pdb 0.388663 1306 10684 0.338514 1276 2171 5184.5 0 -2836.01 -0.547017 0
./PDBs/MG_391_HEXAMER_g.pdb 0.412578 2682 20694 0.291014 2606 4750 10528.6 0 -3092.76 -0.293748 0.00460476
./PDBs/MG_394_TETRAMER_g.pdb 0.517903 812 6310 0.413664 955 1746 4146.03 0 -2062.39 -0.497437 0
./PDBs/MG_394_TETRAMER_sw.pdb 0.497563 786 6098 0.364644 736 1309 3071.17 0 -1310.94 -0.426854 0
./PDBs/MG_407_DIMER_g.pdb 0.471904 916 7032 0.385902 604 1080 2283.29 0 -839.596 -0.367713 0
./PDBs/MG_409_DIMER_g.pdb 0.450991 450 3816 0.382086 374 618 1542.69 0 -747.291 -0.484408 0
./PDBs/MG_409_DIMER_sw.pdb 0.451211 434 3676 0.521143 493 889 2073.36 0 -1438.29 -0.6937 0
./PDBs/MG_425_DIMER_g.pdb 0.503098 792 6316 0.670655 202 367 722.814 0 -301.108 -0.416577 0
./PDBs/MG_425_DIMER_sw.pdb 0.509504 372 2975 0 0 0 0 0 0 0 0
./PDBs/MG_427_DIMER_g.pdb 0.571217 282 2194 0.629102 793 1530 3390.42 0 -1979.92 -0.583975 0
./PDBs/MG_428_DIMER_g.pdb 0.273264 342 2868 0.264481 492 852 1973.7 0 -708.649 -0.359046 0
./PDBs/MG_428_DIMER_sw.pdb 0.229267 165 1387 0 0 0 0 0 0 0 0
./PDBs/MG_431_DIMER_g.pdb 0.55022 488 3850 0.456664 456 900 1863.4 0 -881.747 -0.473193 0
./PDBs/MG_433_DIMER_g.pdb 0.349001 596 4816 0.279061 495 836 1887 0 -278.943 -0.147824 0
./PDBs/MG_433_DIMER_sw.pdb 0.293252 296 2391 0 0 0 0 0 0 0 0
./PDBs/MG_434_HEXAMER_g.pdb 0.557061 1458 11298 0.58229 2073 3996 8873.73 0 -5206.73 -0.586758 0.0062711
./PDBs/MG_437_DIMER_g.pdb 0.455029 794 6312 0.657276 677 1204 2717.4 0 -2277.33 -0.838055 0
./PDBs/MG_437_DIMER_sw.pdb 0.290492 392 3106 0.0200327 12 13 24.8328 0 -4.50394 -0.181371 0
./PDBs/MG_445_DIMER_g.pdb 0.521542 462 3732 0.530183 924 1700 3835.75 0 -1553.4 -0.404979 0
./PDBs/MG_445_DIMER_sw.pdb 0.479929 458 3698 0.443484 884 1579 3655.58 0 -1602.88 -0.438475 0
./PDBs/MG_451_DIMER_g.pdb 0.452839 788 6038 0.32958 591 982 2323.87 0 -301.131 -0.129582 0
./PDBs/MG_451_DIMER_sw.pdb 0.546301 392 3006 0 0 0 0 0 0 0 0
./PDBs/MG_453_TETRAMER_g.pdb 0.492802 1168 9164 0.386318 1502 2678 6694.75 0 -2449.48 -0.365881 0.00532623
./PDBs/MG_454_DIMER_g.pdb 0.464235 262 2058 0.504951 582 1066 2416.47 0 -1100.87 -0.455569 0
./PDBs/MG_454_DIMER_sw.pdb 0.483969 272 2138 0.463633 862 1588 3471.1 0 -1253.94 -0.361251 0
./PDBs/MG_455_DIMER_g.pdb 0.45408 792 6424 0.613361 392 728 1512.84 0 -934.75 -0.617878 0.00510204
./PDBs/MG_457_HEXAMER_g.pdb 0.214957 4212 32418 0.185104 12768 26526 55283.7 0 -7452.25 -0.1348 0.00657895
./PDBs/MG_457_HEXAMER_sw.pdb 0.406558 2709 20820 0.334922 3106 5160 12687.2 0 -3475.93 -0.273971 0
./PDBs/MG_458_TETRAMER_g.pdb 0.586812 700 5568 0.590389 1163 2174 4575.53 0 -1530.21 -0.334433 0
./PDBs/MG_460_TETRAMER_g.pdb 0.513181 1248 9544 0.432973 2009 3865 8244.56 0 -1428.31 -0.173243 0.00199104
./PDBs/MG_460_TETRAMER_sw.pdb 0.510315 1232 9408 0.406583 1660 3255 6989.63 0 -1267.32 -0.181314 0
./PDBs/MG_482_DIMER_g.pdb 0.518506 342 2778 0.575906 407 681 1703.48 0 -979.07 -0.574747 0
./PDBs/MG_482_DIMER_sw.pdb 0.457021 338 2758 0.576472 460 710 1846.72 0 -1112.96 -0.602669 0
./PDBs/nadd.pdb 0.222103 1140 9188 0.193172 1421 2416 5739.24 173.128 -382.191 -0.0646426 0.00492611
./PDBs/nade.pdb 0.335339 474 3782 0.297857 600 1127 2590.75 201.664 -1142.75 -0.409234 0
./PDBs/nox.pdb 0.35355 452 3510 0.341975 521 918 2205.3 258.111 -837.379 -0.339927 0
./PDBs/nrd.pdb 0.373392 2231 17911 0.318546 1800 3189 7506.07 377.551 -1932.56 -0.245136 0
./PDBs/ohrb.pdb 0.26534 272 2092 0.320099 720 1282 2896.72 110.288 -1014.16 -0.337265 0
./PDBs/pdhx.pdb 0.335437 1729 13479 0.271898 1999 3754 8752.4 543.877 -2854.62 -0.307071 0
./PDBs/pepa.pdb 0.315007 2634 20214 0.238135 3009 5493 12212.4 363.38 -3070.33 -0.244146 0
./PDBs/pfka.pdb 0.387912 1264 9748 0.34872 1459 2528 5933.07 220.863 -2058.42 -0.334489 0
./PDBs/pgi.pdb 0.359588 830 6648 0.293729 1209 2231 5134.72 223.911 -1911.57 -0.356727 0
./PDBs/phes.pdb 0.288173 2244 17988 0.297562 2921 5315 12311.8 469.757 -3685.17 -0.288319 0
./PDBs/ppa.pdb 0.325496 540 4452 0.387453 433 729 1743.02 143.521 -799.946 -0.424028 0
./PDBs/ppnk.pdb 0.361626 1016 8060 0.297711 1053 1874 4452.14 630.488 -1256.78 -0.24727 0
./PDBs/pros.pdb 0.358813 950 7720 0.433118 545 949 2202.8 98.6772 -900.685 -0.391351 0
./PDBs/prs.pdb 0.385922 672 5306 0.370904 438 764 1647.94 43.3199 -429.487 -0.253945 0
./PDBs/pta.pdb 0.380028 630 4898 0.490041 362 642 1492.33 119.985 -886.387 -0.54976 0
./PDBs/pyk.pdb 0.309452 1996 15776 0.282273 1463 2793 6009 151.273 -2651.99 -0.430499 0
./PDBs/pyrh.pdb 0.351503 1428 10998 0.344649 1670 2845 7208.72 644.383 -3869.15 -0.492691 0
./PDBs/r30p.pdb 0.20537 3093 24589 0 0 0 0 0 0 0 0
./PDBs/r50p.pdb 0.199697 4388 34469 0 0 0 0 0 0 0 0
./PDBs/REPLISOME.pdb 0.450684 10087 78905 0.366652 8936 15031 35672.2 0 -12415.5 -0.348044 0.0494628
./PDBs/rnap.pdb 0.18295 3901 30943 0.172715 5362 9974 23243.3 1445.25 -6265.21 -0.25377 0
./PDBs/rp.pdb 0.202454 3093 24589 0 0 0 0 0 0 0 0
./PDBs/rpib.pdb 0.364527 296 2296 0.340334 432 806 1872.01 68.4242 -820.033 -0.422603 0
./PDBs/sers.pdb 0.341066 823 6651 0.402136 501 897 2058.62 144.369 -723.324 -0.328338 0
./PDBs/smc_model_ATP.pdb 0.399859 2407 18832 0.450375 1252 2204 5136.11 0 -1826.78 -0.355674 0.0071885
./PDBs/tdk.pdb 0.259789 832 6584 0.202808 1933 3754 8587.93 474.994 -1005.36 -0.110931 0
./PDBs/thij.pdb 0.301862 362 2836 0.243988 350 622 1396.18 53.44 -364.229 -0.251258 0
./PDBs/thrs.pdb 0.305802 544 4454 0 0 0 0 0 0 0 0
./PDBs/tmk.pdb 0.329056 400 3232 0.304595 213 398 930.821 72.2909 -458.288 -0.456866 0
./PDBs/tpia.pdb 0.357046 964 7580 0.310184 939 1745 3797.54 123.458 -1332.66 -0.339878 0
./PDBs/trps.pdb 0.359573 670 5310 0.303798 321 527 1361.28 107.777 -493.376 -0.335845 0.0249221
./PDBs/trxb.pdb 0.368399 620 4786 0.42321 400 703 1591.85 112.672 -621.011 -0.364331 0
./PDBs/tyrs.pdb 0.277692 750 6054 0.552001 309 567 1336.98 122.65 -986.037 -0.675539 0
./PDBs/udk.pdb 0.339194 418 3432 0.506733 173 297 706.499 28.8544 -550.07 -0.748035 0
./PDBs/upp.pdb 0.267355 1016 7684 0.338963 1580 2787 6931.04 704.806 -3411.85 -0.44682 0
./PDBs/yid2.pdb 0.302308 273 2201 0 0 0 0 0 0 0 0
